0	0	0.08734402852049912	0.1984872573107867	0.002216119863178687	0.00770824300236065	0.010598834128245893	0.3694657224068989	0.004239533651298357	0.118706942236354	0.0030832972009442595	0.01565736859854507	0.04210627740039505	0.12983571807101218	4.8176518764754055E-5	0.007130124777183601	0.003372356313532784
1	1	0.04953145917001339	0.1258366800535475	0.02543507362784471	0.2543507362784471	0.009370816599732263	0.0013386880856760374	0.0013386880856760374	0.06559571619812583	0.00535475234270415	0.04551539491298528	0.009370816599732263	0.013386880856760375	0.03748326639892905	0.3547523427041499	0.0013386880856760374
2	2	0.03217546203518147	0.25462035181474063	1.11333778668448E-4	0.011467379202850146	0.045869516811400585	0.3868848808728568	0.0027833444667112	0.08795368514807392	0.0111333778668448	0.048541527499443335	0.06357158761968382	0.039523491427299044	0.004453351146737921	0.010799376530839457	1.11333778668448E-4
3	3	0.003629257398101619	0.20965940815187048	0.001954215522054718	2.7917364600781687E-4	0.0011166945840312675	0.0011166945840312675	0.3101619207146845	0.006979341150195422	2.7917364600781687E-4	0.10831937465103295	0.0011166945840312675	0.1786711334450028	2.7917364600781687E-4	0.011166945840312675	0.1652707984366276
4	4	0.0025417574437182284	0.16811909949164852	0.38598402323892517	0.08424110384894698	0.03631082062454612	0.0025417574437182284	0.03195352214960058	0.013435003631082063	0.0025417574437182284	0.0374001452432825	0.02541757443718228	0.18772694262890344	0.0014524328249818446	0.01997095134350036	3.6310820624546115E-4
5	5	0.034841393655746226	0.1456058242329693	5.200208008320332E-4	0.13000520020800832	0.01924076963078523	5.200208008320332E-4	0.039521580863234526	0.013000520020800833	0.05356214248569943	0.1643265730629225	0.036401456058242326	0.09568382735309412	0.25325013000520025	5.200208008320332E-4	0.013000520020800833
6	6	0.007497116493656286	0.22722029988465975	0.3431372549019608	0.11995386389850057	0.010957324106113032	5.767012687427913E-4	0.021337946943483278	0.010957324106113032	0.05594002306805075	0.06459054209919263	5.767012687427913E-4	0.08362168396770474	0.03863898500576701	0.014417531718569783	5.767012687427913E-4
7	7	0.018018018018018018	0.2049070346942687	0.012267586735671842	0.024343492428598814	0.00824228483802952	0.041594786275637334	0.20950737972014566	0.05942112325091048	0.0174429748897834	0.12727621238259537	0.009392371094498753	0.16867931761548782	0.088748322790876	0.003641939812152578	0.006517155453325666
8	8	0.022072072072072072	0.1490990990990991	0.02072072072072072	0.1490990990990991	4.504504504504504E-4	0.008558558558558558	0.22072072072072074	0.0436936936936937	4.504504504504504E-4	0.058558558558558564	0.0018018018018018016	0.1126126126126126	0.0018018018018018016	0.20990990990990993	4.504504504504504E-4
9	9	0.006201550387596899	0.05271317829457365	0.020155038759689922	0.6248062015503877	0.12713178294573643	0.01550387596899225	0.006201550387596899	0.04806201550387597	0.0015503875968992248	0.0015503875968992248	0.0015503875968992248	0.062015503875969	0.0015503875968992248	0.02945736434108527	0.0015503875968992248
10	10	0.026107226107226107	0.25547785547785545	0.014918414918414918	0.09883449883449884	0.014918414918414918	0.0044289044289044285	0.005827505827505828	0.02540792540792541	2.331002331002331E-4	0.06247086247086247	0.10233100233100234	0.17226107226107226	0.0016317016317016317	0.2149184149184149	2.331002331002331E-4
11	11	5.042864346949066E-4	0.1502773575390822	0.009581442259203227	0.1654059505799294	0.03681290973272819	0.027735753908219866	5.042864346949066E-4	0.0746343923348462	5.042864346949066E-4	0.31971759959657087	0.07917297024710036	0.10943015632879474	5.042864346949066E-4	0.006555723651033787	0.01865859808371155
12	12	0.12280701754385966	0.21266581086863498	2.1394950791613177E-4	0.07531022678647839	0.007916131792896876	0.010483525887890458	0.27749251176722295	0.007274283269148482	0.043217800599058616	0.0900727428326915	0.007916131792896876	0.03102267864783911	0.01561831407787762	0.011125374411638852	0.08686350021394951
13	13	0.03795799189978337	0.19704247904304417	0.004332674013374777	0.012809644909108036	6.593199585570312E-4	0.44852594894979747	3.7675426203258924E-4	0.06423660167655647	0.004332674013374777	0.08655929170198737	0.011679382123010267	0.09192803993595176	0.008006028068192521	0.030893849486672318	6.593199585570312E-4
14	14	0.08250825082508251	0.09735973597359737	0.028052805280528056	0.5899339933993399	8.25082508250825E-4	8.25082508250825E-4	8.25082508250825E-4	0.040429042904290426	0.01815181518151815	0.020627062706270627	8.25082508250825E-4	0.045379537953795374	0.0726072607260726	8.25082508250825E-4	8.25082508250825E-4
15	15	0.007085752756038038	0.24490448539930992	0.002339476563157452	0.00945889085247833	0.04646974669696205	0.00259193806277876	1.6830766641420516E-5	0.10090044601531599	0.0039047378608095596	0.005772952958007237	0.3484137002440461	0.21582092064293526	0.0012791382647479592	0.010216275351342254	8.247075654296053E-4
16	16	0.00861008610086101	0.20418204182041821	0.0012300123001230013	0.25953259532595324	0.004920049200492005	0.0012300123001230013	0.0012300123001230013	0.004920049200492005	0.0012300123001230013	0.0012300123001230013	0.004920049200492005	0.1820418204182042	0.3222632226322263	0.0012300123001230013	0.0012300123001230013
17	17	0.04151177199504337	0.19950433705080545	0.0080545229244114	0.052664188351920695	0.004337050805452293	0.019206939281288724	0.004337050805452293	0.050805452292441135	0.30359355638166047	0.08612143742255267	6.195786864931846E-4	0.14745972738537794	6.195786864931846E-4	0.080545229244114	6.195786864931846E-4
18	18	0.036231884057971016	0.1931316950220542	0.001260239445494644	0.1090107120352867	0.16288594833018274	0.018273471959672338	0.06553245116572148	0.022054190296156267	0.13547574039067423	0.1090107120352867	0.0031505986137366103	0.12507876496534343	0.006931316950220542	0.008821676118462508	0.0031505986137366103
19	19	0.13064713064713063	0.1929181929181929	0.018925518925518928	0.05555555555555555	6.105006105006105E-4	0.022588522588522588	0.018925518925518928	0.06837606837606838	0.048229548229548225	0.09218559218559219	6.105006105006105E-4	0.009768009768009768	0.278998778998779	0.061050061050061055	6.105006105006105E-4
20	20	0.047619047619047616	0.13203463203463203	0.0021645021645021645	0.0670995670995671	0.13365800865800864	0.12391774891774891	0.007034632034632034	0.11742424242424242	5.411255411255411E-4	5.411255411255411E-4	0.2667748917748918	0.09632034632034632	0.003787878787878788	5.411255411255411E-4	5.411255411255411E-4
21	21	0.017006802721088437	0.24404761904761907	0.008078231292517007	0.023384353741496597	0.008078231292517007	0.0017006802721088435	0.005527210884353741	0.028486394557823126	4.2517006802721087E-4	0.11139455782312925	4.2517006802721087E-4	0.1292517006802721	0.00935374149659864	0.00935374149659864	0.4034863945578231
22	22	0.04412791509565703	0.2167295070520877	0.0047479402318111995	0.042033235581622676	0.006842619745845551	0.009775171065493646	0.0730344923893311	0.02653260717776847	0.0076804915514592925	0.09146767211283341	0.0013964530093562352	0.1212121212121212	0.01857282502443793	0.0039100684261974585	0.3319368803239771
23	23	9.045680687471732E-4	0.20036182722749885	0.3448665762098598	0.02736318407960199	0.06331976481230213	0.0015829941203075533	2.261420171867933E-4	0.024649479873360473	2.261420171867933E-4	0.182722749886929	0.010402532790592493	0.13048394391677975	2.261420171867933E-4	0.006331976481230213	0.006331976481230213
24	24	0.013089802130898023	0.20121765601217656	0.010350076103500762	0.042313546423135465	0.042313546423135465	0.00852359208523592	0.042313546423135465	0.076103500761035	0.08888888888888888	0.34824961948249616	0.0039573820395738205	0.09619482496194824	3.0441400304414E-4	0.024961948249619482	0.00121765601217656
25	25	4.522840343735866E-4	0.1795567616463139	0.49163274536408863	0.0303030303030303	0.009950248756218905	4.522840343735866E-4	0.03301673450927182	0.0235187697874265	4.522840343735866E-4	0.08729081863410221	0.014020805065581185	0.10357304387155133	4.522840343735866E-4	0.015377657168701946	0.009950248756218905
26	26	0.019632949210414	0.21041399914639353	0.0017072129748186085	0.343576611182245	0.04396073410157918	4.268032437046521E-4	4.268032437046521E-4	0.09645753307725138	0.002987622705932565	0.03755868544600939	0.017072129748186088	0.166880068288519	0.013230900554844218	0.04139991463935126	0.004268032437046522
27	27	0.0389247311827957	0.1324731182795699	0.009247311827956989	0.07053763440860215	0.02666666666666667	0.004731182795698925	0.3402150537634409	0.024731182795698928	0.004086021505376344	0.15505376344086022	0.0453763440860215	0.1053763440860215	2.1505376344086021E-4	0.031827956989247314	0.01053763440860215
28	28	0.005478851632697787	0.14223098838483456	0.42822704361165903	0.029147490685952227	0.0021915406530791147	0.018628095551172473	2.1915406530791145E-4	0.020600482138943676	0.0048213894367740515	0.10738549200087662	0.015998246767477537	0.18825334209949593	2.1915406530791145E-4	0.0363795748411133	2.1915406530791145E-4
29	29	5.324813631522896E-4	0.1954206602768903	0.0021299254526091584	0.04526091586794462	5.324813631522896E-4	5.324813631522896E-4	0.013312034078807242	0.032481363152289666	0.0021299254526091584	0.12034078807241745	0.008519701810436634	0.08839190628328009	5.324813631522896E-4	0.010117145899893503	0.47976570820021297
30	30	0.017608733932030288	0.21465046663144918	0.007043493572812115	0.04507835886599753	0.03821095263250572	1.7608733932030285E-4	0.32611375242120094	0.007043493572812115	0.021834830075717557	0.02394787814756119	7.043493572812114E-4	0.23683747138580735	1.7608733932030285E-4	0.03451311850677936	0.026060926219404826
31	31	0.0445906432748538	0.1783625730994152	0.011695906432748537	0.028691520467836257	0.0012792397660818715	0.014985380116959063	0.25621345029239767	0.015533625730994151	0.05171783625730994	0.09228801169590643	7.309941520467836E-4	0.17178362573099415	0.11915204678362573	1.827485380116959E-4	0.012792397660818713
32	32	0.020671834625323	0.2082687338501292	0.03617571059431524	0.016020671834625324	5.167958656330749E-4	0.0020671834625322996	0.2330749354005168	0.02842377260981912	0.020671834625323	0.14780361757105942	0.0067183462532299735	0.2749354005167959	5.167958656330749E-4	0.003617571059431525	5.167958656330749E-4
33	33	0.022403762841935883	0.10372570862730535	0.04431241490283451	0.023889095185047653	1.2377769525931428E-4	0.004951107810372571	0.07587572719395966	0.004208441638816686	0.016833766555266742	0.11226636960019803	0.009778437925485828	0.4947394479514791	0.037257086273053595	0.024631761356603537	0.025003094442381482
34	34	0.06621923937360179	0.13333333333333333	4.474272930648769E-4	0.24340044742729308	4.474272930648769E-4	4.474272930648769E-4	4.474272930648769E-4	0.02729306487695749	4.474272930648769E-4	0.09038031319910514	0.0017897091722595077	0.08635346756152125	0.28501118568232664	0.06085011185682327	0.003131991051454139
35	35	0.016517736257784996	0.2488491741131871	0.01164365014893041	0.058759815867858105	0.0018954779312212295	2.7078256160303275E-4	0.016517736257784996	0.06769564040075819	0.054698077443812616	0.029515299214730572	0.014080693203357702	0.2569726509612781	0.21716761440563226	2.7078256160303275E-4	0.005144868670457622
36	36	0.0018518518518518517	0.007407407407407407	0.007407407407407407	0.3907407407407407	0.10185185185185185	0.0018518518518518517	0.0018518518518518517	0.07962962962962963	0.11851851851851851	0.0462962962962963	0.14629629629629629	0.029629629629629627	0.0462962962962963	0.007407407407407407	0.012962962962962964
37	37	0.060259344012204424	0.2427536231884058	0.008199847444698703	0.0070556826849733035	7.627765064836002E-4	0.012776506483600304	0.02593440122044241	0.029938977879481313	0.02192982456140351	0.05625476735316552	0.011060259344012204	0.20556826849733026	0.001906941266209001	0.009916094584286803	0.30568268497330287
38	38	0.00409130060292851	0.21533161068044787	0.0027993109388458224	0.02476313522825151	0.27411714039621016	0.010551248923341945	2.153316106804479E-4	0.21468561584840654	8.613264427217916E-4	0.02153316106804479	0.14168819982773473	0.08548664944013781	2.153316106804479E-4	0.0027993109388458224	8.613264427217916E-4
39	39	0.06870606870606871	0.237996237996238	9.900009900009899E-5	0.18720918720918722	0.04880704880704881	0.03752103752103752	0.005742005742005741	0.09306009306009305	0.01881001881001881	0.0791010791010791	0.034848034848034844	0.14147114147114145	0.02356202356202356	0.020295020295020293	0.002772002772002772
40	40	0.04313173933427098	0.2083919362400375	2.344116268166901E-4	0.05719643694327238	0.02344116268166901	9.376465072667604E-4	0.006563525550867324	0.09306141584622597	0.015705578996718237	0.09306141584622597	0.016408813877168308	0.09165494608532584	0.30473511486169713	0.033989685888420065	0.011486169714017815
41	41	0.0030165912518853692	0.1568627450980392	7.541478129713423E-4	0.36274509803921573	0.0030165912518853692	7.541478129713423E-4	0.04147812971342383	0.032428355957767725	0.08220211161387632	0.050527903469079934	7.541478129713423E-4	0.11613876319758673	0.14555052790346906	7.541478129713423E-4	0.0030165912518853692
42	42	0.15866530473272047	0.18420156622403813	0.009533537623425264	0.03915560095335376	3.4048348655090226E-4	0.011576438542730678	0.015662240381341504	0.018726591760299623	3.4048348655090226E-4	0.04834865509022813	0.0034048348655090228	0.18420156622403813	3.4048348655090226E-4	0.002383384405856316	0.32311882873680625
43	43	0.012012012012012012	0.17932217932217934	0.01844701844701845	0.10210210210210209	0.00815100815100815	0.003003003003003003	0.03131703131703131	0.014586014586014587	0.0429000429000429	0.0827970827970828	0.004290004290004291	0.1921921921921922	0.2925782925782926	0.014586014586014587	0.0017160017160017158
44	44	0.01012555690562981	0.1863102470635885	0.01863102470635885	0.07209396516808425	0.011340623734305387	0.0016200891049007694	4.0502227622519235E-4	0.04171729445119482	0.007695423248278655	0.03321182665046577	0.023491292021061157	0.14135277440259214	4.0502227622519235E-4	0.446334548400162	0.005265289590927501
45	45	0.057665260196905765	0.21800281293952178	7.032348804500703E-4	0.04289732770745429	0.013361462728551335	0.004922644163150493	0.13783403656821377	0.07665260196905767	7.032348804500703E-4	0.13361462728551338	0.004922644163150493	0.21167369901547115	0.034458509142053444	7.032348804500703E-4	0.061884669479606184
46	46	0.012589252160841788	0.29218338970311913	0.014280345734686208	0.049793310785419015	0.2420142803457347	0.003570086433671552	1.8789928598271326E-4	0.1360390830514844	1.8789928598271326E-4	0.004697482149567832	0.0368282600526118	0.12983840661405488	0.006952273581360391	0.06952273581360391	0.001315295001878993
47	47	0.33666296707362187	0.23677395486496486	3.6995930447650754E-4	0.03477617462079171	3.6995930447650754E-4	0.014798372179060304	3.6995930447650754E-4	0.05253422123566408	0.011468738438771735	0.09803921568627451	0.020347761746207917	0.11579726230114687	0.073621901590825	0.003699593044765076	3.6995930447650754E-4
48	48	0.023277467411545627	0.12104283054003726	0.0037243947858473	0.4087523277467412	9.31098696461825E-4	9.31098696461825E-4	9.31098696461825E-4	0.00931098696461825	9.31098696461825E-4	0.08472998137802606	0.0595903165735568	0.1601489757914339	9.31098696461825E-4	0.08193668528864059	0.04283054003724395
49	49	0.03139653414882773	0.19041794087665645	2.038735983690112E-4	0.07359836901121304	0.04057084607543323	0.0020387359836901123	0.005708460754332314	0.05341488277268094	0.01182466870540265	0.06931702344546381	0.022222222222222223	0.10968399592252803	0.0069317023445463815	0.38246687054026507	2.038735983690112E-4
50	50	0.24842767295597484	0.040880503144654086	0.003144654088050314	0.4937106918238994	0.003144654088050314	0.003144654088050314	0.003144654088050314	0.012578616352201257	0.003144654088050314	0.06918238993710692	0.012578616352201257	0.040880503144654086	0.059748427672955975	0.003144654088050314	0.003144654088050314
51	51	0.027153090121605866	0.23804764284524405	0.014659336998167582	0.037647842745294015	1.6658337497917706E-4	0.016158587372980177	0.011161086123604863	0.03464934199566883	0.032150591370981176	0.12660336498417457	0.010161585873729801	0.12910211560886223	0.009162085623854739	0.31151091121106117	0.0016658337497917708
52	52	0.03252296056185845	0.3138843868179363	0.015018908698001081	0.05099945975148568	0.009832522960561857	1.0804970286331712E-4	0.015667206915180983	0.03738519719070772	0.024743381955699622	0.0046461372231226365	0.02441923284710967	0.27531064289573204	0.0052944354403025385	0.18260399783900597	0.007563479200432198
53	53	0.059092800665834375	0.261839367457345	0.2582188930503537	0.034373699542238866	0.007032875572201415	0.03187682064086558	2.9130253849354973E-4	0.11065334997919268	0.0031627132750728254	4.161464835622139E-5	0.036745734498543486	0.15871826883062837	0.01077819392426134	0.027007906783187683	1.6645859342488556E-4
54	54	0.09774011299435027	0.157909604519774	0.0096045197740113	0.04350282485875706	2.824858757062147E-4	0.0672316384180791	0.09011299435028249	0.008757062146892656	0.1401129943502825	0.09096045197740113	0.03587570621468927	0.14096045197740115	0.10282485875706214	0.012994350282485877	0.0011299435028248588
55	55	0.01787773933102653	0.14763552479815456	0.13206459054209918	0.07324106113033449	0.004036908881199539	5.767012687427913E-4	5.767012687427913E-4	0.016147635524798157	5.767012687427913E-4	0.16147635524798154	0.010957324106113032	0.07497116493656286	5.767012687427913E-4	0.353517877739331	0.0057670126874279125
56	56	0.08900410455821993	0.2140851155757183	0.001512205659969756	0.05206308057895873	0.002160293799956794	0.004752646359904947	0.01771440915964571	0.020954849859580904	0.03586087707928278	0.09159645711816808	2.160293799956794E-4	0.07085763663858284	0.05076690429898466	0.005400734499891985	0.34305465543313896
57	57	0.32573139829532366	0.25731398295323654	0.002994701681640175	0.025109421792213777	9.214466712739E-4	0.034093526837134305	0.008523381709283576	0.05551716194425247	0.012669891730016125	0.14466712739000231	0.004376871688551025	0.06657452199953927	0.06104584197189587	2.30361667818475E-4	2.30361667818475E-4
58	58	0.008349389852280025	0.2357096981374438	0.002569043031470777	0.019910083493898525	6.422607578676942E-4	0.0044958253050738604	0.12973667308927422	6.422607578676942E-4	0.26653821451509313	0.09312780989081568	6.422607578676942E-4	0.12010276172125883	0.0044958253050738604	0.019910083493898525	0.09312780989081568
59	59	0.01579626047711154	0.16086395873629916	0.0051579626047711154	0.1715022566086396	0.0070921985815602835	0.02933591231463572	3.223726627981947E-4	0.009026434558349453	0.0051579626047711154	0.04577691811734365	0.38233397807865893	0.15119277885235333	0.004190844616376531	0.008059316569954868	0.004190844616376531
60	60	0.13534136546184738	0.14859437751004015	4.016064257028112E-4	0.20401606425702812	0.03775100401606426	0.01244979919678715	4.016064257028112E-4	0.048594377510040164	4.016064257028112E-4	0.023293172690763052	0.007630522088353413	0.07028112449799197	0.2955823293172691	0.01244979919678715	0.002811244979919679
61	61	0.1036231884057971	0.19710144927536233	3.6231884057971015E-4	0.1416666666666667	0.02644927536231884	0.0025362318840579713	0.03188405797101449	3.6231884057971015E-4	0.19492753623188408	0.06557971014492754	0.006884057971014493	0.2068840579710145	3.6231884057971015E-4	0.016666666666666666	0.004710144927536231
62	62	0.052489177489177495	0.12878787878787878	0.007034632034632034	0.13203463203463203	0.01352813852813853	0.020021645021645024	0.005411255411255412	5.411255411255411E-4	0.015151515151515152	0.015151515151515152	0.016774891774891776	0.0946969696969697	0.005411255411255412	5.411255411255411E-4	0.4924242424242424
63	63	0.2641744548286605	0.3052959501557633	0.00249221183800623	0.008099688473520248	0.011838006230529595	0.06978193146417445	0.006230529595015577	0.21557632398753893	6.230529595015575E-4	0.08286604361370717	6.230529595015575E-4	0.02118380062305296	6.230529595015575E-4	0.00996884735202492	6.230529595015575E-4
64	64	0.3660470879801735	0.22701363073110284	2.478314745972738E-4	0.029244114002478318	9.913258983890953E-4	0.047087980173482036	0.01809169764560099	0.0701363073110285	0.006195786864931847	0.06790582403965303	0.004708798017348203	0.11697645600991327	0.04114002478314746	2.478314745972738E-4	0.003965303593556381
65	65	0.011282051282051281	0.19743589743589746	5.128205128205128E-4	0.018974358974358976	5.128205128205128E-4	0.008205128205128205	0.06974358974358975	0.015897435897435898	0.3282051282051282	0.19743589743589746	5.128205128205128E-4	0.10666666666666666	0.03128205128205128	0.012820512820512822	5.128205128205128E-4
66	66	0.006999125109361329	0.15398075240594924	0.014873140857392827	0.21959755030621173	0.21566054243219598	0.00568678915135608	0.003062117235345582	0.008311461067366578	0.0017497812773403323	0.17104111986001752	0.04111986001749781	0.13298337707786526	4.3744531933508307E-4	0.02405949256342957	4.3744531933508307E-4
67	67	0.028461959496442254	0.13026819923371646	0.08100711548987412	5.473453749315818E-4	0.00875752599890531	5.473453749315818E-4	0.35030103995621237	0.026819923371647507	5.473453749315818E-4	0.11877394636015325	5.473453749315818E-4	0.1959496442255063	0.04159824849480022	0.015325670498084292	5.473453749315818E-4
68	68	0.004729897933781428	0.2810555140652228	0.01219815782922579	0.012944983818770225	2.4894199651481205E-4	2.4894199651481205E-4	0.3490166791137665	0.01219815782922579	2.4894199651481205E-4	0.09210853871048046	2.4894199651481205E-4	0.18695543938262385	2.4894199651481205E-4	2.4894199651481205E-4	0.04729897933781429
69	69	0.1792819019893256	0.14289180009704028	0.008976225133430374	0.18073750606501698	0.011887433284813197	0.011159631246967491	0.012615235322658902	0.03153808830664726	0.1327025715672004	0.0628335759340126	0.018437651625424552	0.15235322658903447	0.001698204754973314	0.05264434740417273	2.4260067928190198E-4
70	70	0.010374832663989291	0.142904953145917	0.022423025435073626	0.007362784471218206	3.3467202141900936E-4	3.3467202141900936E-4	0.47322623828647925	0.008366800535475234	3.3467202141900936E-4	0.11077643908969209	0.009370816599732263	0.1529451137884873	0.009370816599732263	0.013386880856760375	0.03848728246318608
71	71	0.06033549783549783	0.1966991341991342	0.013257575757575756	0.04247835497835498	0.0010822510822510823	0.026244588744588748	0.35497835497835495	0.02462121212121212	0.04004329004329005	0.1057900432900433	0.021374458874458872	0.06926406926406926	2.7056277056277056E-4	0.01488095238095238	0.02867965367965368
72	72	0.004921700223713646	0.14049217002237138	0.01901565995525727	0.40357941834451905	0.021029082774049215	0.04519015659955257	2.2371364653243846E-4	0.0116331096196868	0.004250559284116331	0.13176733780760627	0.03445190156599553	0.1552572706935123	0.004250559284116331	0.018344519015659956	0.005592841163310962
73	73	0.016532217906583012	0.2651130365501444	9.959167413604223E-5	0.014142017727317997	0.025794243601234935	0.37356836968429435	0.0027885668758091827	0.11243900009959167	9.959167413604223E-5	0.06403744646947515	0.005178767055074195	0.0882382232845334	0.01025794243601235	0.016830992928991137	0.004879992032666069
74	74	0.077226745620528	0.26523562792992844	0.00838884776708611	0.040957315568714535	0.02615346656797434	0.0017271157167530226	0.0032075006168270415	0.2593140883296324	0.0017271157167530226	2.467308166790032E-4	0.05206020231926967	0.13126079447322972	0.09869232667160129	0.03355539106834444	2.467308166790032E-4
75	75	0.0107095046854083	0.21703480589022756	0.004183400267737617	0.006693440428380187	0.26121151271753684	0.1723560910307898	1.6733601070950468E-4	0.09906291834002678	1.6733601070950468E-4	0.0749665327978581	0.02928380187416332	0.09454484605087016	1.6733601070950468E-4	0.028781793842034806	6.693440428380187E-4
76	76	0.03329549754067348	0.17858494135452138	0.02762012864169504	0.04691638289822172	0.0026485054861899358	0.009458948164964056	0.034430571320469165	0.08437381763147937	0.01172909572455543	0.4339765418085509	0.00832387438516837	0.10367007188800605	3.783579265985622E-4	0.016269390843738178	0.00832387438516837
77	77	0.07411674347158217	0.1870199692780338	0.0015360983102918587	0.14208909370199693	3.8402457757296467E-4	0.018817204301075266	3.8402457757296467E-4	0.07296466973886329	0.007296466973886328	0.009600614439324117	0.22043010752688172	0.18010752688172044	0.07066052227342551	0.002688172043010753	0.011904761904761906
78	78	0.0240831964969896	0.16365626710454298	0.34756431308155444	0.12753147235905857	0.045429666119321296	0.0019157088122605365	0.007662835249042146	0.043787629994526546	0.0010946907498631637	0.045429666119321296	0.004378762999452655	0.14313081554460866	0.0010946907498631637	0.042966611932129174	2.736726874657909E-4
79	79	0.3631436314363144	0.15826558265582655	5.420054200542005E-4	0.06558265582655827	0.02005420054200542	0.002168021680216802	5.420054200542005E-4	0.01029810298102981	0.024932249322493227	0.16802168021680217	0.002168021680216802	0.07208672086720867	0.0964769647696477	0.01029810298102981	0.005420054200542005
80	80	0.35737658272869544	0.24128610044103002	1.422677479015507E-4	0.04154218238725281	5.690709916062028E-4	0.009958742353108549	9.958742353108551E-4	0.050505050505050504	0.012946365059041115	0.05562668942950633	0.018494807227201593	0.15251102575046235	0.030872101294636505	0.00782472613458529	0.0193484137146109
81	81	0.03818061088977424	0.21447543160690571	0.031208499335989376	0.06308100929614874	3.3200531208499334E-4	0.0023240371845949536	0.0023240371845949536	0.008300132802124835	0.026228419654714473	0.07005312084993359	3.3200531208499334E-4	0.15670650730411687	0.3698539176626826	0.016268260292164674	3.3200531208499334E-4
82	82	0.13119755911517925	0.10831426392067126	7.627765064836002E-4	0.33714721586575136	7.627765064836002E-4	7.627765064836002E-4	0.007627765064836004	0.06254767353165522	0.007627765064836004	0.11746758199847446	0.007627765064836004	0.03966437833714721	0.07627765064836003	0.10144927536231885	7.627765064836002E-4
83	83	0.14080996884735203	0.19314641744548286	0.008099688473520248	0.17258566978193146	6.230529595015575E-4	6.230529595015575E-4	0.00249221183800623	0.05482866043613707	6.230529595015575E-4	0.00996884735202492	0.008099688473520248	0.2043613707165109	0.20249221183800623	6.230529595015575E-4	6.230529595015575E-4
84	84	0.0028797696184305254	0.156227501799856	0.028797696184305256	0.10655147588192945	0.02015838732901368	0.00503959683225342	0.44132469402447805	0.013678905687544997	0.0028797696184305254	0.03311735061195104	7.199424046076314E-4	0.13246940244780417	0.0028797696184305254	0.013678905687544997	0.03959683225341972
85	85	6.830601092896175E-4	0.2383879781420765	0.021174863387978145	0.21994535519125682	0.00273224043715847	0.01092896174863388	6.830601092896175E-4	0.01092896174863388	0.0047814207650273225	0.01707650273224044	0.03346994535519125	0.27117486338797814	0.15846994535519124	6.830601092896175E-4	0.008879781420765027
86	86	3.5650623885918E-4	0.17575757575757578	0.2452762923351159	0.036720142602495544	0.04634581105169341	0.0024955436720142605	0.0035650623885918006	0.09982174688057041	0.00142602495543672	0.08163992869875222	0.040998217468805706	0.22816399286987524	0.00142602495543672	0.02602495543672014	0.009982174688057042
87	87	0.0038794389734407636	0.13458669054013728	0.012831990450611758	0.025365562518651148	0.002984183825723665	2.984183825723664E-4	0.43718293046851686	0.008355714712026261	0.014622500746045956	0.16144434497165025	0.004774694121157863	0.13458669054013728	2.984183825723664E-4	0.030737093404953748	0.028051327961802448
88	88	0.24197314652656157	0.23934617629889082	0.0099241097489784	0.005545826036193812	0.004670169293636894	0.07384705195563339	0.013426736719206071	0.06158785755983654	0.026561587857559837	0.1088733216579101	0.005545826036193812	0.09136018680677174	0.11412726211325161	2.918855808523059E-4	0.002918855808523059
89	89	0.05221745350500715	0.14449213161659513	0.18526466380543632	0.07367668097281832	7.15307582260372E-4	7.15307582260372E-4	0.23247496423462088	0.005007153075822604	0.032904148783977114	0.05436337625178827	0.002861230329041488	0.19814020028612303	7.15307582260372E-4	0.015736766809728183	7.15307582260372E-4
90	90	0.006146968426934898	0.21737915618887957	0.01452919810002794	0.030455434478904725	0.007823414361553507	2.794076557697681E-4	0.19223246716960046	0.016205644034646548	0.0011176306230790724	0.05979323833473037	0.003632299525006985	0.1452919810002794	2.794076557697681E-4	0.3003632299525007	0.0044705224923162895
91	91	0.016918344519015662	0.25265659955257275	1.3982102908277405E-4	0.04460290827740492	0.14779082774049215	0.2581096196868009	1.3982102908277405E-4	0.10752237136465323	0.008529082774049216	0.04124720357941834	0.020274049217002238	0.07564317673378076	0.01104586129753915	0.015240492170022372	1.3982102908277405E-4
92	92	0.11083193746510331	0.17448352875488554	2.7917364600781687E-4	0.01786711334450028	2.7917364600781687E-4	0.015354550530429927	0.3361250697934115	0.062255723059743154	0.0647682858738135	0.11836962590731435	0.006979341150195422	0.07063093243997766	0.012841987716359577	0.008654383026242322	2.7917364600781687E-4
93	93	3.3433634236041456E-4	0.14978268137746573	0.01237044466733534	0.14175860916081578	0.28819792711467734	0.014376462721497828	3.3433634236041456E-4	0.12671347375459713	0.0063523905048478765	0.003343363423604146	0.20294215981277167	0.04446673353393514	3.3433634236041456E-4	0.008358408559010365	3.3433634236041456E-4
94	94	0.016974105828353684	0.22819780029444878	0.008400450333419936	0.0052827574261712995	0.2804191564908634	0.04841084264311077	0.02087122196241448	0.11180393175716635	0.001905256776651944	0.12037758725210011	0.00476314194162986	0.13025028145838746	8.660258075690655E-5	0.01879276002424872	0.0034641032302762625
95	95	0.03333333333333333	0.2733333333333333	0.003333333333333333	0.15333333333333335	0.003333333333333333	0.013333333333333332	0.003333333333333333	0.12333333333333334	0.33333333333333337	0.003333333333333333	0.003333333333333333	0.003333333333333333	0.003333333333333333	0.023333333333333334	0.023333333333333334
96	96	0.04125083166999335	0.27777777777777773	0.0033266799733865605	0.03326679973386561	0.004324683965402528	0.012308715901530274	0.007318695941450432	0.1560212907518297	0.002328675981370592	0.18296739853626082	0.004324683965402528	0.13007318695941453	0.12308715901530272	0.002328675981370592	0.01929474384564205
97	97	0.01177336276674025	0.15746872700515083	7.358351729212656E-4	0.21927888153053715	0.0051508462104488595	0.007358351729212656	0.0029433406916850625	0.07579102281089037	0.042678440029433405	0.03164091243561443	7.358351729212656E-4	0.13980868285504047	0.2921265636497425	7.358351729212656E-4	0.01177336276674025
98	98	0.03313452617627568	0.21106693174287608	0.0023194168323392977	0.4416832339297548	0.0023194168323392977	0.003313452617627568	3.313452617627568E-4	0.050033134526176276	0.003313452617627568	3.313452617627568E-4	0.010271703114645462	0.2210072895957588	0.0023194168323392977	0.015241882041086813	0.003313452617627568
99	99	0.059042305904230596	0.2389586238958624	0.004649000464900047	0.05625290562529057	0.0018596001859600185	0.23198512319851233	0.008833100883310088	0.04370060437006044	0.004649000464900047	0.16364481636448164	4.6490004649000463E-4	0.13435611343561132	0.049279404927940494	0.0018596001859600185	4.6490004649000463E-4
100	100	9.03954802259887E-4	0.23005649717514123	0.00903954802259887	0.18598870056497174	0.063954802259887	2.2598870056497175E-4	0.003615819209039548	0.09649717514124294	0.009717514124293785	0.017853107344632767	0.15344632768361582	0.22734463276836156	9.03954802259887E-4	2.2598870056497175E-4	2.2598870056497175E-4
101	101	9.746588693957114E-4	0.14717348927875246	0.003898635477582846	0.3313840155945419	0.03021442495126706	0.006822612085769981	0.003898635477582846	0.009746588693957116	9.746588693957114E-4	9.746588693957114E-4	0.28460038986354774	0.10623781676413256	0.015594541910331383	0.056530214424951264	9.746588693957114E-4
102	102	0.02638888888888889	0.18784722222222222	0.05659722222222222	0.023263888888888886	0.02638888888888889	0.01388888888888889	0.0045138888888888885	0.006597222222222222	0.010763888888888889	0.16284722222222223	0.0045138888888888885	0.13472222222222224	0.011805555555555557	0.3295138888888889	3.472222222222222E-4
103	103	0.0368023126528797	0.15955081165221258	0.005448076495441405	0.09150544807649544	0.3239937736268624	0.030798309984434065	1.11185234600845E-4	0.10451412052479431	7.782966422059151E-4	0.047142539470758284	0.050144540804981104	0.12052479430731598	1.11185234600845E-4	0.021458750277963085	0.00711585501445408
104	104	6.218905472636816E-4	0.21517412935323382	0.017412935323383085	0.04353233830845771	0.02300995024875622	0.004353233830845771	0.019278606965174132	0.009950248756218905	0.03233830845771144	0.09763681592039801	0.03233830845771144	0.17412935323383083	0.304726368159204	0.021144278606965175	0.004353233830845771
105	105	0.016143106457242585	0.20724258289703318	0.009598603839441536	0.3342059336823735	0.07766143106457243	0.003054101221640489	0.012216404886561956	0.07242582897033159	0.018760907504363003	4.3630017452006976E-4	0.018760907504363003	0.19022687609075045	0.038394415357766144	4.3630017452006976E-4	4.3630017452006976E-4
106	106	0.021004566210045664	0.20730593607305936	4.5662100456621003E-4	0.03607305936073059	0.012785388127853882	4.5662100456621003E-4	0.06621004566210045	0.026484018264840183	0.015525114155251143	0.14292237442922373	0.016894977168949773	0.13470319634703196	0.28812785388127854	0.004566210045662101	0.026484018264840183
107	107	0.011855527984560243	0.23104494072236006	0.030879514750482496	0.01847256685966363	0.0275709953129308	0.01764543700027571	0.23848910945685137	0.04245933278191343	0.01350978770333609	0.12269092914254205	0.012682657843948167	0.18141714915908466	0.001929969671905156	0.045767852219465124	0.003584229390681003
108	108	0.014362272240085744	0.1770632368703108	0.016934619506966772	0.03429796355841372	0.3841371918542337	0.024008574490889605	0.006002143622722401	0.06130760986066452	2.1436227224008573E-4	0.14555198285101822	0.004715969989281886	0.10953912111468382	0.007931404072883173	0.013719185423365487	2.1436227224008573E-4
109	109	0.018163966617574866	0.2420225822287678	0.006381934216985763	0.022582228767795778	4.909180166912126E-4	4.909180166912126E-4	0.019636720667648502	0.018163966617574866	4.909180166912126E-4	0.07707412862052038	0.0019636720667648502	0.16249386352479137	4.909180166912126E-4	0.0019636720667648502	0.4275895925380461
110	110	0.014880952380952382	0.2113095238095238	0.010416666666666668	0.16666666666666669	0.014880952380952382	0.001488095238095238	0.001488095238095238	0.046130952380952384	0.09970238095238095	0.014880952380952382	0.001488095238095238	0.25148809523809523	0.005952380952380952	0.15773809523809526	0.001488095238095238
111	111	0.03375527426160338	0.1831223628691983	0.013502109704641349	0.3628691983122363	0.043881856540084384	0.008438818565400845	0.003375527426160337	0.043881856540084384	0.021097046413502112	8.438818565400843E-4	0.026160337552742618	0.043881856540084384	0.19324894514767932	0.021097046413502112	8.438818565400843E-4
112	112	0.02715098147128967	0.22858191157585764	0.02329847734360668	1.83452577508714E-4	0.033204916529077234	0.34360667767382136	0.005136672170243993	0.11851036507062924	0.02715098147128967	0.06567602274811961	0.021097046413502112	0.09539534030453128	0.006787745367822418	7.33810310034856E-4	0.0034855989726655656
113	113	0.17177522349936145	0.23212005108556832	3.192848020434227E-4	0.08461047254150703	0.0031928480204342275	0.08844189016602809	0.016602809706257982	0.06066411238825032	0.05874840357598979	0.011813537675606643	0.019476372924648787	0.16507024265644957	0.07790549169859515	0.008939974457215838	3.192848020434227E-4
114	114	0.05925497008299556	0.21733256128160586	0.11715884964292608	0.0187222543910442	0.0523065045358039	0.1414784790580969	0.003667245705462266	0.13105578073730942	7.720517274657402E-4	0.12584443157691566	0.0019301293186643506	0.10441999613974137	0.014089944026249758	0.0054043620922601815	0.006562439683458792
115	115	0.05347125726931192	0.26190108589367506	0.0037568833307601254	0.014101178529154443	5.146415521589213E-5	0.34264834542740985	0.005918377849827595	0.06196284287993412	0.0034480983994647726	0.06721218671195513	0.030466779887808142	0.12510936132983377	0.02197519427718594	0.003911275796407802	0.004065668262055479
116	116	0.007680491551459293	0.07219662058371736	7.680491551459293E-4	0.2910906298003072	0.15284178187403993	0.0261136712749616	0.009984639016897081	0.08832565284178188	0.021505376344086023	0.1551459293394777	0.019201228878648235	0.13671274961597543	0.0030721966205837174	0.005376344086021506	0.009984639016897081
117	117	0.016773406526379993	0.2848429399207075	0.005794449527294907	0.09545593168648978	0.0021347971942665446	0.0021347971942665446	0.0030497102775236353	0.06617871302226289	0.02409271119243672	3.049710277523635E-4	3.049710277523635E-4	0.26928941750533697	0.21439463250991156	0.013113754193351632	0.0021347971942665446
118	118	0.03919978372533117	0.21032711543660448	0.004325493376588267	0.13976750473100838	0.010813733441470668	0.013246823465801567	2.703433360367667E-4	0.059475533928088666	0.018924033522573668	0.10408218437415519	0.008380643417139767	0.06353068396864017	0.05298729386320627	0.2743984860773182	2.703433360367667E-4
119	119	3.8402457757296467E-4	0.1455453149001536	3.8402457757296467E-4	0.23195084485407066	0.043010752688172046	3.8402457757296467E-4	0.06490015360983103	0.06144393241167435	0.02227342549923195	0.030337941628264208	0.01651305683563748	0.20314900153609833	0.1490015360983103	0.030337941628264208	3.8402457757296467E-4
120	120	0.003487792725460887	0.23816641753861487	4.982561036372695E-4	0.11709018435475833	0.001993024414549078	4.982561036372695E-4	0.007972097658196313	0.004982561036372696	0.003487792725460887	0.1290483308420528	0.019930244145490782	0.13951170901843546	0.24713502740408572	0.05281514698555058	0.03338315894369706
121	121	0.10774410774410775	0.3037037037037037	6.734006734006733E-4	0.04511784511784511	6.734006734006733E-4	6.734006734006733E-4	0.032996632996632996	0.057239057239057235	0.1925925925925926	0.020875420875420877	0.020875420875420877	0.1643097643097643	0.037037037037037035	0.0026936026936026933	0.012794612794612794
122	122	0.13250517598343683	0.12629399585921325	0.0020703933747412005	0.48033126293995854	0.0020703933747412005	0.0020703933747412005	0.0020703933747412005	0.0020703933747412005	0.0020703933747412005	0.020703933747412008	0.014492753623188406	0.0020703933747412005	0.2008281573498965	0.0020703933747412005	0.008281573498964802
123	123	0.0634264046880386	0.21027231988969322	0.007583591864874181	0.14615649775939332	3.447087211306446E-4	3.447087211306446E-4	0.037573250603240266	0.017924853498793518	0.06135815236125474	0.042743881420199935	0.0013788348845225785	0.19579455360220616	0.20510168907273355	0.0044812133746983795	0.005515339538090314
124	124	0.0643611911623439	0.16738712776176753	2.4015369836695484E-4	0.1637848222862632	0.19692603266090297	0.052113352545629196	0.005283381364073006	0.07588856868395773	0.007444764649375601	0.06075888568683958	0.001681075888568684	0.16306436119116235	0.029779058597502402	0.011047070124879923	2.4015369836695484E-4
125	125	0.05824478551751279	0.2695789059425423	0.005116096025186934	0.03935458480913027	3.935458480913026E-4	3.935458480913026E-4	3.935458480913026E-4	0.05116096025186934	0.02400629673356946	0.04053522235340418	0.003935458480913027	0.14561196379378197	0.3333333333333333	0.005116096025186934	0.022825659189295553
126	126	0.1475062584248026	0.1769689967263624	1.9256691700365877E-4	0.22780666281532833	0.08915848257269401	0.05449643751203543	0.0030810706720585403	0.10648950510302331	1.9256691700365877E-4	0.033699210475640284	0.012901983439245137	0.09609089158482573	0.03832081648372809	0.00943577893317928	0.0036587714230695164
