0	0	4.8176518764754055E-5	0.17810858987329575	0.005540299657946717	0.20643638290697114	0.002216119863178687	0.06161776750012044	0.026063496651731948	0.21698704051645226	0.002794238088355735	0.20715903068844244	0.05236787589728766	0.011466011466011465	0.004962181432769669	0.015512839042250806	0.008719949896420486
1	1	0.03748326639892905	0.0013386880856760374	0.10174029451137884	0.11780455153949129	0.4149933065595716	0.0013386880856760374	0.013386880856760375	0.009370816599732263	0.0013386880856760374	0.0896921017402945	0.12182061579651941	0.00535475234270415	0.03346720214190094	0.04551539491298528	0.00535475234270415
2	2	0.008461367178802049	0.12870184814072588	7.793364506791361E-4	0.15174794032509462	0.016143397906924963	0.08561567579603652	0.037185482075261636	1.11333778668448E-4	1.11333778668448E-4	0.24192830104653754	0.030839456691160096	0.015809396570919617	0.0011133377866844802	0.17613003785348477	0.10532175462035182
3	3	0.012841987716359577	2.7917364600781687E-4	0.009491903964265774	0.2917364600781686	2.7917364600781687E-4	2.7917364600781687E-4	0.014517029592406475	2.7917364600781687E-4	0.23813512004466778	0.0547180346175321	0.009491903964265774	0.17950865438302624	0.1853713009491904	2.7917364600781687E-4	0.0027917364600781687
4	4	0.0014524328249818446	0.010167029774872913	0.01888162672476398	0.25199709513435004	0.021060275962236745	0.04611474219317357	0.033042846768336964	0.0014524328249818446	3.6310820624546115E-4	0.07879448075526506	0.06463326071169209	0.03957879448075527	0.42084241103848946	0.00907770515613653	0.0025417574437182284
5	5	0.2719708788351534	5.200208008320332E-4	0.01612064482579303	0.1596463858554342	0.05356214248569943	0.009880395215808632	5.200208008320332E-4	0.03328133125325013	0.02236089443577743	0.06136245449817993	0.12220488819552781	0.14248569942797712	0.008320332813312532	0.08632345293811752	0.011440457618304731
6	6	0.061130334486735875	0.002306805074971165	0.031718569780853516	0.21164936562860437	0.021337946943483278	5.767012687427913E-4	0.004036908881199539	0.028258362168396767	5.767012687427913E-4	0.10957324106113034	0.09400230680507497	0.06459054209919263	0.353517877739331	0.007497116493656286	0.00922722029988466
7	7	0.2589610887483228	0.03756948437799501	0.004216982940387195	0.22503354418248034	0.018593061146252636	0.0019168104274487254	0.00824228483802952	0.015717845505079545	0.005942112325091049	0.1491278512555108	0.04274487253210657	0.11347517730496455	0.06804677017442974	0.047345217557983515	0.0030668966839179604
8	8	0.0072072072072072065	0.008558558558558558	0.049099099099099104	0.15585585585585585	0.07747747747747748	0.0031531531531531535	0.015315315315315317	0.008558558558558558	4.504504504504504E-4	0.09909909909909909	0.14504504504504503	0.118018018018018	0.2990990990990991	0.00990990990990991	0.0031531531531531535
9	9	0.0015503875968992248	0.024806201550387597	0.0015503875968992248	0.043410852713178294	0.20155038759689922	0.0015503875968992248	0.262015503875969	0.0015503875968992248	0.0015503875968992248	0.043410852713178294	0.3317829457364341	0.03875968992248062	0.043410852713178294	0.0015503875968992248	0.0015503875968992248
10	10	2.331002331002331E-4	0.006526806526806527	2.331002331002331E-4	0.27086247086247084	0.17575757575757575	0.137995337995338	0.02121212121212121	0.0016317016317016317	2.331002331002331E-4	0.17715617715617715	0.043589743589743594	0.1456876456876457	0.010023310023310023	0.008624708624708625	2.331002331002331E-4
11	11	5.042864346949066E-4	0.01865859808371155	0.0020171457387796266	0.17145738779626826	0.01260716086737267	0.0746343923348462	0.05194150277357539	0.009581442259203227	0.006555723651033787	0.16389309127584467	0.11245587493696418	0.18961169944528491	0.009581442259203227	0.032274331820474025	0.1442259203227433
12	12	0.23705605477107403	2.1394950791613177E-4	0.011767222935387248	0.13564398801882757	0.007916131792896876	0.002139495079161318	0.004065040650406504	0.027813436029097135	0.1831407787762088	0.15361574668378264	0.06632434745400086	0.08943089430894309	0.03551561831407788	0.009841677364142062	0.03551561831407788
13	13	6.593199585570312E-4	0.1594612414052934	0.00913629085429029	0.18206649712724876	0.0226994442874635	0.029763586700574548	9.418856550814731E-5	3.7675426203258924E-4	9.418856550814731E-5	0.17952340585852877	0.024394838466610152	0.0577375906564943	9.418856550814731E-5	0.029198455307525666	0.30470000941885655
14	14	8.25082508250825E-4	8.25082508250825E-4	0.5181518151815182	0.07755775577557755	0.08498349834983498	0.0033003300330033	0.05033003300330033	0.03052805280528053	0.005775577557755776	0.06518151815181518	0.10726072607260727	0.03300330033003301	8.25082508250825E-4	8.25082508250825E-4	0.020627062706270627
15	15	0.0013296305646722207	0.0035007994614154672	0.0022889842632331904	0.29120592442985777	0.015114028443995623	0.35674492973154925	0.05353866868635866	0.0027434149625515446	0.001430615164520744	0.13644702516199614	0.11700748969115544	0.010468736850963561	1.6830766641420516E-5	0.007388706555583607	7.742152655053438E-4
16	16	0.3886838868388684	0.004920049200492005	0.0012300123001230013	0.15990159901599016	0.0012300123001230013	0.0012300123001230013	0.0012300123001230013	0.0012300123001230013	0.0012300123001230013	0.1008610086100861	0.3259532595325953	0.00861008610086101	0.0012300123001230013	0.0012300123001230013	0.0012300123001230013
17	17	6.195786864931846E-4	0.006195786864931847	0.028500619578686496	0.25712515489467164	0.12701363073110283	0.004337050805452293	6.195786864931846E-4	0.2552664188351921	6.195786864931846E-4	0.11400247831474598	0.0563816604708798	0.11586121437422553	6.195786864931846E-4	0.004337050805452293	0.028500619578686496
18	18	0.07120352867044738	0.018273471959672338	3.15059861373661E-4	0.19218651543793322	0.11184625078764965	0.0031505986137366103	0.16666666666666669	0.011657214870825458	0.004095778197857593	0.1316950220541903	0.07120352867044738	0.1373660995589162	0.048519218651543794	0.014492753623188406	0.017328292375551353
19	19	0.05006105006105006	6.105006105006105E-4	0.3998778998778999	0.15995115995115994	0.01343101343101343	0.002442002442002442	6.105006105006105E-4	0.031746031746031744	0.007936507936507936	0.22039072039072038	0.03540903540903541	0.05006105006105006	0.004273504273504274	6.105006105006105E-4	0.022588522588522588
20	20	0.003787878787878788	0.12229437229437229	0.01028138528138528	0.14989177489177488	0.003787878787878788	0.028138528138528136	0.3446969696969697	0.005411255411255412	5.411255411255411E-4	0.1985930735930736	0.07034632034632035	0.01352813852813853	0.02976190476190476	0.01028138528138528	0.008658008658008658
21	21	0.010629251700680274	4.2517006802721087E-4	0.023384353741496597	0.22363945578231292	0.010629251700680274	0.008078231292517007	0.0017006802721088435	0.006802721088435374	0.3818027210884353	0.15348639455782312	0.018282312925170068	0.12287414965986394	0.0195578231292517	0.017006802721088437	0.0017006802721088435
22	22	0.04580365870688451	0.011031978773914257	0.009775171065493646	0.20625610948191592	0.0030721966205837174	0.0018153889121631055	0.006842619745845551	0.008937299259879905	0.36712749615975426	0.1300097751710655	0.05250663315179444	0.09775171065493647	0.03197877391425778	0.0076804915514592925	0.01941069683005167
23	23	2.261420171867933E-4	2.261420171867933E-4	0.009724106739032113	0.23156942559927635	0.03279059249208503	0.008367254635911352	0.04296698326549073	2.261420171867933E-4	2.261420171867933E-4	0.09520578923563999	0.03414744459520579	0.1454093170511081	0.33265490728177294	0.056535504296698326	0.009724106739032113
24	24	0.0213089802130898	0.020395738203957382	0.011263318112633182	0.17382039573820396	0.14003044140030443	0.0030441400304414006	0.04322678843226788	3.0441400304414E-4	0.006697108066971081	0.15098934550989346	0.01856925418569254	0.3555555555555555	0.03409436834094368	0.015829528158295282	0.00487062404870624
25	25	4.522840343735866E-4	4.522840343735866E-4	0.008593396653098145	0.20126639529624604	0.0370872908186341	0.0303030303030303	0.011307100859339666	4.522840343735866E-4	4.522840343735866E-4	0.10764360018091361	0.03437358661239258	0.08864767073722297	0.4631388511985527	0.007236544549977386	0.008593396653098145
26	26	0.017072129748186088	4.268032437046521E-4	0.01195049082373026	0.25906956892872385	0.137430644472898	0.014511310285958173	0.050362782757148956	4.268032437046521E-4	0.0055484421681604775	0.1105420401195049	0.26163038839095176	0.01195049082373026	4.268032437046521E-4	0.10798122065727699	0.010670081092616305
27	27	0.020860215053763443	8.602150537634409E-4	0.011827956989247311	0.13118279569892474	0.04279569892473118	0.049892473118279566	0.024086021505376344	0.022150537634408603	0.02795698924731183	0.10666666666666667	0.024086021505376344	0.2253763440860215	0.29634408602150536	0.00989247311827957	0.006021505376344086
28	28	0.005478851632697787	2.1915406530791145E-4	8.766162612316458E-4	0.29607714223098835	0.04689896997589305	0.026517641902257288	2.1915406530791145E-4	0.01073854920008766	2.1915406530791145E-4	0.0705676090291475	0.03703703703703704	0.1106728029804953	0.35656366425597197	0.03703703703703704	8.766162612316458E-4
29	29	5.324813631522896E-4	0.0021299254526091584	5.324813631522896E-4	0.17305644302449413	0.02768903088391906	0.01650692225772098	5.324813631522896E-4	0.003727369542066028	0.47337593184238547	0.07082002129925453	0.04685835995740149	0.15867944621938232	0.024494142705005325	5.324813631522896E-4	5.324813631522896E-4
30	30	0.03926747666842754	0.0012326113752421201	1.7608733932030285E-4	0.2701179785173446	0.037154428596583904	0.007571755590773024	0.03451311850677936	1.7608733932030285E-4	0.0551153372072548	0.08839584433879205	0.12114808945236838	0.05828490931502025	0.2827962669484064	0.0012326113752421201	0.0028173974291248456
31	31	0.34283625730994155	0.012244152046783625	1.827485380116959E-4	0.18274853801169588	1.827485380116959E-4	0.017178362573099414	1.827485380116959E-4	0.03746345029239766	0.027595029239766082	0.13614766081871346	0.05226608187134503	0.12244152046783627	0.06706871345029239	0.0012792397660818715	1.827485380116959E-4
32	32	0.03307493540051679	5.167958656330749E-4	0.003617571059431525	0.3059431524547804	0.011369509043927648	0.020671834625323	0.00516795865633075	5.167958656330749E-4	0.0067183462532299735	0.09509043927648579	0.07338501291989664	0.2392764857881137	0.17881136950904392	5.167958656330749E-4	0.02532299741602067
33	33	0.028345092214382965	0.0019804431241490284	0.011263770268597598	0.20807030573090732	0.019804431241490283	0.011635103354375542	1.2377769525931428E-4	0.010521104097041713	0.02760242604282708	0.049511078103725716	0.04319841564550068	0.5170194330981557	0.04468374798861245	0.00903577175392994	0.017205099641044684
34	34	4.474272930648769E-4	0.003131991051454139	0.407158836689038	0.1319910514541387	0.01923937360178971	0.015212527964205818	0.0017897091722595077	4.474272930648769E-4	0.017897091722595078	0.15749440715883667	0.083668903803132	0.06756152125279642	4.474272930648769E-4	4.474272930648769E-4	0.0930648769574944
35	35	0.25372326022204167	0.0018954779312212295	0.00676956404007582	0.26672082317898727	0.016517736257784996	0.019767126997021392	0.00676956404007582	0.028702951529921476	0.002707825616030328	0.08962902789060384	0.21960465746005955	0.05794746818304901	0.017330083942594096	0.01164365014893041	2.7078256160303275E-4
36	36	0.3574074074074074	0.04074074074074074	0.029629629629629627	0.11296296296296296	0.13518518518518519	0.06851851851851852	0.11296296296296296	0.0018518518518518517	0.0018518518518518517	0.06296296296296297	0.0462962962962963	0.007407407407407407	0.0018518518518518517	0.01851851851851852	0.0018518518518518517
37	37	0.028794813119755912	1.9069412662090006E-4	0.015064836003051106	0.2707856598016781	0.008199847444698703	0.017925247902364605	1.9069412662090006E-4	0.04938977879481312	0.286231884057971	0.14778794813119756	0.04996186117467582	0.08943554538520214	0.017925247902364605	0.002479023646071701	0.015636918382913804
38	38	2.153316106804479E-4	0.027347114556416884	2.153316106804479E-4	0.18884582256675278	0.006029285099052541	0.14233419465977606	0.29931093884582255	2.153316106804479E-4	8.613264427217916E-4	0.15719207579672698	0.12424633936261843	0.002153316106804479	0.005383290267011198	0.0454349698535745	2.153316106804479E-4
39	39	0.022968022968022965	0.0295020295020295	0.02861102861102861	0.21987921987921988	0.05860805860805861	0.043461043461043465	0.05742005742005742	0.03158103158103158	0.0024750024750024753	0.2968022968022968	0.05296505296505297	0.12216612216612216	9.9000099000099E-4	0.02475002475002475	0.00782100782100782
40	40	0.15846225972808253	2.344116268166901E-4	0.23933427097984059	0.16760431317393343	0.04102203469292077	0.020628223159868727	0.033286451007969994	2.344116268166901E-4	2.344116268166901E-4	0.18096577590248475	0.073370839193624	0.061415846225972806	0.015002344116268166	0.0030473511486169714	0.005157055789967182
41	41	0.28808446455505277	7.541478129713423E-4	0.02790346907993967	0.17043740573152336	0.10708898944193063	0.023378582202111614	0.03695324283559578	7.541478129713423E-4	7.541478129713423E-4	0.0889894419306184	0.15007541478129713	0.059577677224736045	0.03469079939668175	0.00980392156862745	7.541478129713423E-4
42	42	3.4048348655090226E-4	0.00749063670411985	0.015662240381341504	0.24855294518215867	3.4048348655090226E-4	0.009533537623425264	0.001361933946203609	0.06367041198501873	0.3466121893088185	0.14130064691862446	0.057541709227102486	0.06979911474293496	0.012597889002383384	0.009533537623425264	0.015662240381341504
43	43	0.34277134277134275	4.2900042900042895E-4	0.033891033891033887	0.23852423852423854	0.03003003003003003	4.2900042900042895E-4	0.022308022308022306	0.014586014586014587	0.0055770055770055765	0.05062205062205063	0.1407121407121407	0.09566709566709566	0.00815100815100815	0.00815100815100815	0.00815100815100815
44	44	4.0502227622519235E-4	4.0502227622519235E-4	4.0502227622519235E-4	0.23248278655326043	0.446334548400162	0.02592142567841231	0.014985824220332119	4.0502227622519235E-4	4.0502227622519235E-4	0.12312677197245848	0.08424463345484001	0.06358849736735521	0.005265289590927501	0.0016200891049007694	4.0502227622519235E-4
45	45	0.1019690576652602	0.007032348804500704	0.004922644163150493	0.26230661040787623	0.01969057665260197	7.032348804500703E-4	7.032348804500703E-4	7.032348804500703E-4	0.06821378340365683	0.1420534458509142	0.11251758087201126	0.11462728551336147	0.07032348804500704	0.06821378340365683	0.026019690576652602
46	46	0.00977076287110109	0.006952273581360391	0.005824877865464112	0.2938744832769636	0.05993987222848553	0.040210447200300634	0.27301766253288234	0.003570086433671552	1.8789928598271326E-4	0.1473130402104472	0.13434798947763998	0.004697482149567832	0.01033446072904923	0.006952273581360391	0.003006388575723412
47	47	0.06918238993710692	3.6995930447650754E-4	3.6995930447650754E-4	0.18682944876063634	0.0014798372179060301	0.020347761746207917	0.003699593044765076	0.0014798372179060301	3.6995930447650754E-4	0.28116907140214575	0.08028116907140213	0.03810580836108028	0.0014798372179060301	0.010358860525342213	0.3044765075841657
48	48	9.31098696461825E-4	0.0037243947858473	9.31098696461825E-4	0.2132216014897579	0.34171322160148976	9.31098696461825E-4	0.0037243947858473	9.31098696461825E-4	0.03445065176908752	0.04283054003724395	0.13221601489757914	0.19925512104283052	0.0148975791433892	0.006517690875232775	0.0037243947858473
49	49	0.004485219164118246	0.0020387359836901123	0.026503567787971458	0.19959225280326195	0.3940876656472987	0.01671763506625892	0.030784913353720696	0.010601427115188583	8.154943934760448E-4	0.11946992864424058	0.06870540265035678	0.10050968399592253	0.003261977573904179	0.012436289500509684	0.009989806320081548
50	50	0.022012578616352203	0.003144654088050314	0.5786163522012578	0.12578616352201258	0.022012578616352203	0.022012578616352203	0.012578616352201257	0.012578616352201257	0.022012578616352203	0.05031446540880503	0.012578616352201257	0.012578616352201257	0.07861635220125787	0.003144654088050314	0.022012578616352203
51	51	0.01765783774779277	0.024154589371980676	0.014659336998167582	0.26453439946693325	0.21405963684824253	6.663334999167083E-4	0.0031650841246043645	0.12010661335998668	0.0011660836248542396	0.10961186073629853	0.06613359986673331	0.14509411960686322	0.005164084624354489	0.00966183574879227	0.004164584374479427
52	52	0.008535926526202053	0.004321988114532685	0.0195569962182604	0.3501890869800108	0.11388438681793625	0.014046461372231226	0.008860075634792004	0.00788762830902215	0.015018908698001081	0.11518098325229605	0.28665586169638035	0.03349540788762831	0.020529443544030256	0.0014046461372231225	4.3219881145326847E-4
53	53	0.007157719517270079	0.04598418643362463	0.27806908031627137	0.26059092800665834	0.021389929255097796	0.0509779442363712	0.011027881814398668	0.0024136496046608404	1.6645859342488556E-4	0.13587182688306282	0.16121514773200166	0.008031627132750728	0.002663337494798169	0.009404910528506033	0.005035372451102789
54	54	0.1901129943502825	0.006214689265536723	2.824858757062147E-4	0.1901129943502825	0.012994350282485877	0.024011299435028246	2.824858757062147E-4	0.2019774011299435	2.824858757062147E-4	0.14180790960451978	0.06468926553672316	0.09519774011299435	0.059604519774011294	2.824858757062147E-4	0.012146892655367232
55	55	0.016147635524798157	5.767012687427913E-4	0.002306805074971165	0.16666666666666666	0.35870818915801617	0.04382929642445213	0.00922722029988466	0.004036908881199539	5.767012687427913E-4	0.07670126874279123	0.06459054209919263	0.17531718569780852	0.07670126874279123	0.004036908881199539	5.767012687427913E-4
56	56	0.055951609418880964	2.160293799956794E-4	0.028731907539425363	0.17325556275653486	0.019658673579606826	2.160293799956794E-4	0.006696910779866062	0.03715705335925686	0.3482393605530352	0.1492763015770145	0.04752646359904947	0.09094836897818104	0.001512205659969756	0.011881615899762367	0.028731907539425363
57	57	0.07486754204100438	0.025109421792213777	0.020962911771481223	0.14259387237963603	0.004376871688551025	0.007141211702372726	2.30361667818475E-4	0.008523381709283576	0.002994701681640175	0.2441833678875835	0.049988481916609075	0.08799815710665745	0.007141211702372726	0.020962911771481223	0.30292559318129464
58	58	0.06037251123956326	6.422607578676942E-4	0.002569043031470777	0.19139370584457288	0.025690430314707774	6.422607578676942E-4	6.422607578676942E-4	0.24341682723185612	0.11046885035324343	0.09120102761721259	0.0796403339755941	0.11624919717405267	0.07385998715478485	6.422607578676942E-4	0.002569043031470777
59	59	0.0051579626047711154	0.024500322372662798	0.019664732430689877	0.2198581560283688	0.04094132817537073	0.38233397807865893	0.009026434558349453	0.009993552546744036	0.0012894906511927789	0.11734364925854288	0.06802063185041908	0.09509993552546743	0.0051579626047711154	3.223726627981947E-4	0.0012894906511927789
60	60	0.018473895582329317	0.008835341365461847	0.4895582329317269	0.14738955823293173	0.030522088353413652	0.017269076305220885	0.042570281124498	0.038955823293172695	0.0016064257028112448	0.10763052208835341	0.07510040160642571	0.016064257028112452	0.002811244979919679	0.002811244979919679	4.016064257028112E-4
61	61	0.05036231884057971	3.6231884057971015E-4	0.004710144927536231	0.2699275362318841	0.03731884057971015	0.012318840579710146	0.0286231884057971	0.1894927536231884	0.011231884057971014	0.060144927536231886	0.15471014492753624	0.12210144927536232	0.02644927536231884	3.6231884057971015E-4	0.03188405797101449
62	62	5.411255411255411E-4	0.016774891774891776	0.07196969696969698	0.14826839826839827	0.003787878787878788	0.0021645021645021645	0.021645021645021648	0.01028138528138528	0.507034632034632	0.06547619047619048	0.13365800865800864	0.01352813852813853	5.411255411255411E-4	0.003787878787878788	5.411255411255411E-4
63	63	6.230529595015575E-4	0.058566978193146414	0.00249221183800623	0.1688473520249221	0.00249221183800623	0.004361370716510903	0.06417445482866044	0.00249221183800623	0.004361370716510903	0.3165109034267913	0.04361370716510903	0.04922118380062305	0.004361370716510903	0.03987538940809968	0.23800623052959502
64	64	0.047087980173482036	0.0634448574969021	0.0024783147459727386	0.25600991325898387	0.004708798017348203	0.003965303593556381	0.003965303593556381	0.0218091697645601	0.006195786864931847	0.18091697645600993	0.050805452292441135	0.04634448574969021	9.913258983890953E-4	0.021065675340768277	0.2902106567534077
65	65	0.07897435897435898	5.128205128205128E-4	0.005128205128205128	0.1728205128205128	0.022051282051282053	0.00358974358974359	0.0020512820512820513	0.2435897435897436	5.128205128205128E-4	0.14358974358974358	0.03897435897435897	0.20205128205128206	0.04358974358974359	0.011282051282051281	0.03128205128205128
66	66	4.3744531933508307E-4	4.3744531933508307E-4	0.003062117235345582	0.20647419072615925	0.046369203849518814	0.04768153980752406	0.17235345581802275	4.3744531933508307E-4	4.3744531933508307E-4	0.06867891513560805	0.08967629046369203	0.34033245844269466	0.014873140857392827	0.008311461067366578	4.3744531933508307E-4
67	67	0.046524356869184456	5.473453749315818E-4	0.005473453749315818	0.19430760810071154	0.015325670498084292	0.003831417624521073	0.005473453749315818	0.010399562123700055	0.018609742747673783	0.0662287903667214	0.005473453749315818	0.28297755883962783	0.3125342090859332	0.026819923371647507	0.005473453749315818
68	68	0.01593228777694797	2.4894199651481205E-4	2.4894199651481205E-4	0.2803086880756784	0.002489419965148121	0.0017425939756036844	2.4894199651481205E-4	9.957679860592482E-4	0.09658949464774708	0.1115260144386358	0.05402041324371421	0.16380383370674634	0.2668658202638785	9.957679860592482E-4	0.003983071944236993
69	69	0.03372149442018438	0.004609412906356138	0.05701115963124696	0.21785540999514796	0.06428918000970403	0.011887433284813197	0.026443474041727318	0.26225133430373604	2.4260067928190198E-4	0.10286268801552645	0.10213488597768075	0.10650169820475498	0.008248423095584668	9.704027171276079E-4	9.704027171276079E-4
70	70	0.03748326639892905	0.007362784471218206	0.015394912985274432	0.18708165997322626	3.3467202141900936E-4	0.0013386880856760374	0.0013386880856760374	0.0023427041499330657	0.05957161981258367	0.06760374832663989	0.02543507362784471	0.19210174029451138	0.39892904953145913	0.0033467202141900937	3.3467202141900936E-4
71	71	0.057088744588744585	0.011634199134199134	0.012445887445887446	0.19994588744588745	0.012445887445887446	0.01488095238095238	0.0010822510822510823	0.1950757575757576	0.043290043290043295	0.10173160173160173	0.021374458874458872	0.15205627705627706	0.1764069264069264	2.7056277056277056E-4	2.7056277056277056E-4
72	72	0.018344519015659956	0.019686800894854584	0.01767337807606264	0.1861297539149888	0.032438478747203583	0.05794183445190156	0.019686800894854584	2.2371364653243846E-4	0.01029082774049217	0.10425055928411633	0.03713646532438479	0.1774049217002237	0.014317673378076061	0.3042505592841163	2.2371364653243846E-4
73	73	0.005477542077482322	0.3329349666367891	0.006075092122298576	0.19131560601533712	0.019519968130664277	0.024897918534010556	0.022208943332337416	0.006971417189522955	0.0027885668758091827	0.24180858480231054	0.029080768847724328	0.04969624539388508	9.959167413604223E-5	0.018623643063439898	0.04850114530425257
74	74	0.06316308906982482	2.467308166790032E-4	0.02985442881815939	0.24451023932889215	0.02615346656797434	0.05354058721934369	0.03651616086849248	0.0017271157167530226	9.869232667160128E-4	0.2237848507278559	0.12459906242289663	0.025413274117937333	0.0024673081667900324	0.1601283000246731	0.00690846286701209
75	75	6.693440428380187E-4	0.1537817938420348	1.6733601070950468E-4	0.1613119143239625	0.023761713520749666	0.055890227576974566	0.23862115127175368	0.002677376171352075	0.0011713520749665328	0.21301874163319945	0.011713520749665328	0.08801874163319946	1.6733601070950468E-4	0.04183400267737617	0.007195448460508702
76	76	0.02421490730230798	3.783579265985622E-4	0.007188800605372682	0.16496405599697314	0.02762012864169504	0.018539538403329548	0.013999243284146803	0.0015134317063942488	0.0037835792659856224	0.1524782444192206	0.08323874385168369	0.3692773363601967	0.018539538403329548	0.07188800605372683	0.04237608777903897
77	77	0.09254992319508448	0.018817204301075266	0.032642089093702	0.23540706605222736	0.009600614439324117	0.2480798771121352	0.017665130568356377	3.8402457757296467E-4	0.002688172043010753	0.18241167434715824	0.152457757296467	0.006144393241167435	3.8402457757296467E-4	3.8402457757296467E-4	3.8402457757296467E-4
78	78	0.00848385331143952	0.0068418171866447735	0.01751505199781062	0.24740010946907498	0.07662835249042145	0.010125889436234265	0.056102900930487136	2.736726874657909E-4	2.736726874657909E-4	0.06923918992884509	0.08976464148877941	0.043787629994526546	0.3549534756431308	0.014230979748221127	0.004378762999452655
79	79	0.06883468834688347	0.007046070460704606	0.12086720867208671	0.14688346883468834	0.05907859078590786	5.420054200542005E-4	5.420054200542005E-4	0.002168021680216802	0.002168021680216802	0.13875338753387534	0.033062330623306234	0.14200542005420053	0.005420054200542005	5.420054200542005E-4	0.2720867208672087
80	80	0.030018494807227198	1.422677479015507E-4	0.2237871674491393	0.24085929719732538	0.0027030872101294636	0.024043249395362072	5.690709916062028E-4	0.03172570778204581	0.01379997154645042	0.2310428225921184	0.09745340731256225	0.045383411580594675	1.422677479015507E-4	0.005263906672357377	0.05306586996727842
81	81	0.36786188579017265	0.0063081009296148734	0.11885790172642761	0.20351925630810094	0.026228419654714473	0.008300132802124835	3.3200531208499334E-4	3.3200531208499334E-4	3.3200531208499334E-4	0.06806108897742363	0.05312084993359894	0.13778220451527226	3.3200531208499334E-4	0.008300132802124835	3.3200531208499334E-4
82	82	7.627765064836002E-4	0.003051106025934401	0.37833714721586575	0.09687261632341725	0.06941266209000763	0.02135774218154081	0.003051106025934401	7.627765064836002E-4	0.003051106025934401	0.12433257055682685	0.09458428680396644	0.12204424103737606	7.627765064836002E-4	0.048817696414950415	0.03279938977879481
83	83	0.11838006230529595	6.230529595015575E-4	0.1482866043613707	0.2604361370716511	0.00249221183800623	6.230529595015575E-4	0.00996884735202492	6.230529595015575E-4	6.230529595015575E-4	0.11277258566978193	0.2604361370716511	0.006230529595015577	6.230529595015575E-4	0.006230529595015577	0.07165109034267914
84	84	0.054715622750179986	0.00503959683225342	7.199424046076314E-4	0.20158387329013677	0.026637868970482363	7.199424046076314E-4	0.013678905687544997	7.199424046076314E-4	0.06767458603311735	0.02447804175665947	0.10439164866810656	0.13894888408927286	0.3570914326853852	7.199424046076314E-4	0.0028797696184305254
85	85	0.1912568306010929	0.01092896174863388	6.830601092896175E-4	0.258879781420765	6.830601092896175E-4	0.03346994535519125	6.830601092896175E-4	0.00273224043715847	0.0047814207650273225	0.07035519125683061	0.31625683060109294	0.09289617486338798	6.830601092896175E-4	0.0068306010928961755	0.008879781420765027
86	86	0.00784313725490196	0.015329768270944743	0.0024955436720142605	0.25704099821746884	0.07950089126559715	0.07629233511586453	0.02174688057040998	3.5650623885918E-4	0.009982174688057042	0.07094474153297682	0.048484848484848485	0.303030303030303	0.04527629233511587	0.05918003565062389	0.0024955436720142605
87	87	0.01014622500746046	0.0011936735302894657	2.984183825723664E-4	0.14712026260817668	0.028051327961802448	0.002984183825723665	2.984183825723664E-4	0.016413011041480154	0.04685168606386154	0.07102357505222322	0.04237541032527604	0.3225902715607281	0.3073709340495374	0.002984183825723665	2.984183825723664E-4
88	88	0.12551079976649154	0.04319906596614127	0.020431990659661413	0.1684179801517805	2.918855808523059E-4	0.0020431990659661413	0.0011675423234092236	0.047577349678925865	0.002918855808523059	0.2822533566841798	0.04319906596614127	0.06158785755983654	0.0099241097489784	0.018680677174547577	0.1727962638645651
89	89	7.15307582260372E-4	7.15307582260372E-4	7.15307582260372E-4	0.24320457796852646	0.022174535050071532	7.15307582260372E-4	7.15307582260372E-4	0.03934191702432045	0.0178826895565093	0.0586552217453505	0.08011444921316166	0.13161659513590845	0.3955650929899857	7.15307582260372E-4	0.00715307582260372
90	90	0.002794076557697681	0.0019558535903883767	2.794076557697681E-4	0.21234981838502376	0.15535065660799108	0.006146968426934898	0.006985191394244202	0.005308745459625594	0.01033808326348142	0.09667504889633975	0.07236658284436993	0.11008661637328863	0.3137747974294495	0.0019558535903883767	0.003632299525006985
91	91	0.008109619686800894	0.15743847874720357	0.0039149888143176735	0.203579418344519	0.015659955257270694	0.045441834451901565	0.23336129753914991	0.012304250559284116	5.592841163310962E-4	0.20693512304250558	0.04250559284116331	0.024888143176733782	1.3982102908277405E-4	0.03873042505592841	0.006431767337807606
92	92	0.07816862088218872	0.001954215522054718	0.018704634282523728	0.14517029592406477	0.012004466778336125	0.015354550530429927	0.007816862088218872	0.0496929089893914	0.0027917364600781687	0.18620882188721385	2.7917364600781687E-4	0.1853713009491904	0.2573981016192071	0.006979341150195422	0.03210496929089894
93	93	3.3433634236041456E-4	0.01237044466733534	0.019391507856904043	0.1347375459712471	0.019391507856904043	0.14577064526914077	0.41457706452691406	0.0063523905048478765	0.0013373453694416582	0.07455700434637244	0.1327315279170846	0.002340354396522902	0.003343363423604146	0.027415580073553995	0.005349381477766633
94	94	0.01333679743656361	0.04945007361219365	0.00502294968390058	0.2466441499956699	0.01905256776651944	0.009179873560232095	0.27834069455269767	3.464103230276262E-4	0.002684680003464103	0.1780549060361999	0.017493721312895123	0.11725989434485147	0.01333679743656361	0.042435264570884215	0.007361219364337057
95	95	0.13333333333333333	0.003333333333333333	0.003333333333333333	0.24333333333333332	0.003333333333333333	0.003333333333333333	0.003333333333333333	0.2533333333333333	0.003333333333333333	0.1733333333333333	0.15333333333333335	0.003333333333333333	0.003333333333333333	0.013333333333333332	0.003333333333333333
96	96	0.2149035262807718	0.0013306719893546241	0.007318695941450432	0.2178975382568197	3.3266799733865603E-4	0.002328675981370592	0.009314703925482368	0.0013306719893546241	0.0053226879574184965	0.24384564204923487	0.054224883566200935	0.10212907518296739	0.002328675981370592	0.12009314703925482	0.017298735861610112
97	97	0.31199411331861665	7.358351729212656E-4	0.0448859455481972	0.23693892568064753	0.018395879323031643	7.358351729212656E-4	0.01177336276674025	7.358351729212656E-4	7.358351729212656E-4	0.06254598969830757	0.24135393671817512	0.049300956585724795	0.016188373804267842	7.358351729212656E-4	0.0029433406916850625
98	98	0.003313452617627568	0.0023194168323392977	0.05699138502319417	0.24884029158383036	0.07488402915838303	0.005301524188204109	0.021206096752816435	0.013253810470510273	0.006295559973492379	0.1196156394963552	0.41285619615639496	0.030152418820410868	3.313452617627568E-4	0.0013253810470510272	0.003313452617627568
99	99	0.06880520688052069	0.04091120409112041	0.01301720130172013	0.21524872152487218	4.6490004649000463E-4	0.01301720130172013	4.6490004649000463E-4	4.6490004649000463E-4	4.6490004649000463E-4	0.1608554160855416	0.08554160855416086	0.07717340771734077	0.0018596001859600185	0.008833100883310088	0.31287773128777313
100	100	0.004971751412429378	0.0015819209039548024	2.2598870056497175E-4	0.2775141242937853	0.014463276836158192	0.04090395480225989	0.11683615819209041	0.0015819209039548024	2.2598870056497175E-4	0.10056497175141244	0.40225988700564974	0.019209039548022597	0.0029378531073446326	0.016497175141242937	2.2598870056497175E-4
101	101	9.746588693957114E-4	9.746588693957114E-4	0.11500974658869396	0.22319688109161792	0.08576998050682261	0.3226120857699805	0.033138401559454196	9.746588693957114E-4	9.746588693957114E-4	0.11500974658869396	0.0769980506822612	9.746588693957114E-4	0.015594541910331383	0.006822612085769981	9.746588693957114E-4
102	102	0.0045138888888888885	0.009722222222222222	0.0013888888888888887	0.21805555555555556	0.30451388888888886	0.020138888888888887	0.014930555555555556	0.011805555555555557	0.023263888888888886	0.09826388888888889	0.021180555555555553	0.2013888888888889	0.050347222222222224	0.007638888888888889	0.012847222222222223
103	103	0.00177896375361352	0.023460084500778296	0.005114520791638871	0.17155881698910386	0.025461418723593504	0.06515454747609518	0.34767622859684233	0.021125194574160552	0.01578830331331999	0.16288636869023793	0.08183233266622193	0.05614854347342673	1.11185234600845E-4	0.020791638870358016	0.0011118523460084502
104	104	0.31218905472636815	6.218905472636816E-4	0.019278606965174132	0.28233830845771146	0.04539800995024875	0.026741293532338308	0.004353233830845771	0.01181592039800995	6.218905472636816E-4	0.07151741293532339	6.218905472636816E-4	0.16666666666666666	0.034203980099502485	6.218905472636816E-4	0.02300995024875622
105	105	0.07242582897033159	0.016143106457242585	0.004363001745200698	0.22164048865619548	0.010907504363001745	0.017452006980802792	0.09598603839441536	4.3630017452006976E-4	4.3630017452006976E-4	0.07897033158813264	0.4585514834205933	4.3630017452006976E-4	4.3630017452006976E-4	0.014834205933682374	0.006980802792321116
106	106	0.37031963470319634	4.5662100456621003E-4	0.0031963470319634705	0.2264840182648402	0.01004566210045662	0.011415525114155252	4.5662100456621003E-4	0.02374429223744292	0.0319634703196347	0.1141552511415525	0.048401826484018265	0.14429223744292236	0.008675799086757991	4.5662100456621003E-4	0.00593607305936073
107	107	0.006065618968844775	0.0011028398125172319	0.011028398125172319	0.28398125172318717	0.0275709953129308	0.025089605734767022	0.03418803418803419	0.021781086297215327	0.0044113592500689275	0.12599944858009374	0.007719878687620624	0.15081334436173147	0.2591673559415495	0.025089605734767022	0.01599117728149986
108	108	0.014362272240085744	0.009860664523043945	2.1436227224008573E-4	0.19635584137191853	0.024008574490889605	0.006645230439442659	0.41050375133976424	2.1436227224008573E-4	0.004072883172561629	0.13461950696677386	0.04523043944265809	0.10503751339764202	0.03301178992497321	0.004715969989281886	0.011146838156484458
109	109	0.010800196367206676	4.909180166912126E-4	0.0019636720667648502	0.3038782523318606	4.909180166912126E-4	4.909180166912126E-4	4.909180166912126E-4	0.009327442317133039	0.4069710358370152	0.08738340697103585	0.04909180166912126	0.10800196367206676	0.006381934216985763	0.006381934216985763	0.007854688267059401
110	110	0.001488095238095238	0.001488095238095238	0.001488095238095238	0.3273809523809524	0.2113095238095238	0.014880952380952382	0.001488095238095238	0.055059523809523815	0.001488095238095238	0.050595238095238096	0.28273809523809523	0.014880952380952382	0.010416666666666668	0.019345238095238092	0.005952380952380952
111	111	0.13248945147679325	8.438818565400843E-4	0.25654008438818565	0.21603375527426158	0.04135021097046413	0.010970464135021096	0.05654008438818565	0.013502109704641349	8.438818565400843E-4	0.07679324894514768	0.12236286919831224	8.438818565400843E-4	0.013502109704641349	8.438818565400843E-4	0.05654008438818565
112	112	0.016694184553292975	0.3138873601174097	0.00458631443771785	0.17244542285819114	0.0034855989726655656	0.03595670519170794	0.05852137222527976	0.048614933039809204	1.83452577508714E-4	0.21977618785543937	0.0420106402494955	0.06512566501559347	0.00458631443771785	0.013942395890662262	1.83452577508714E-4
113	113	0.1554916985951469	0.17081736909323117	0.023307790549169857	0.20721583652618136	0.05874840357598979	0.008939974457215838	3.192848020434227E-4	0.02713920817369093	3.192848020434227E-4	0.14208173690932313	0.18135376756066413	0.0022349936143039595	0.009897828863346106	0.0012771392081736908	0.010855683269476373
114	114	0.027986875120633085	0.2729202856591392	0.01640609920864698	0.18201119475004823	1.9301293186643504E-4	0.015248021617448369	0.056938814900598336	0.008878594865856012	0.005983400887859487	0.20806794055201697	0.029144952711831693	0.0957344142057518	0.007720517274657402	0.02856591391623239	0.044199961397413626
115	115	0.01950491482682312	0.10874375997118008	0.003911275796407802	0.20971643250476044	0.002830528536874067	0.05316247233801657	0.006227162781122948	0.004374453193350831	0.004528845658998508	0.2217590448252792	0.0392671504297257	0.053316864803664245	0.004528845658998508	0.034789768925943085	0.2333384797488549
116	116	0.06758832565284179	0.014592933947772656	7.680491551459293E-4	0.15284178187403993	0.019201228878648235	0.035330261136712754	0.20583717357910905	7.680491551459293E-4	0.016897081413210446	0.058371735791090625	0.16205837173579107	0.07910906298003073	0.0261136712749616	0.1597542242703533	7.680491551459293E-4
117	117	0.10643488868557487	0.0021347971942665446	0.16773406526379994	0.2848429399207075	0.018603232692894173	0.001219884111009454	0.001219884111009454	0.001219884111009454	3.049710277523635E-4	0.12473315035071669	0.2363525465080817	0.034156755108264714	3.049710277523635E-4	0.020433058859408354	3.049710277523635E-4
118	118	0.006758583400919168	0.006758583400919168	0.384698567180319	0.1438226547715599	0.024601243579345768	0.006758583400919168	0.02379021357123547	0.01730197350635307	0.002703433360367667	0.2014057853473912	0.06109759394430927	0.11543660448769938	2.703433360367667E-4	2.703433360367667E-4	0.004325493376588267
119	119	0.17549923195084485	3.8402457757296467E-4	3.8402457757296467E-4	0.2987711213517665	0.15476190476190477	0.03379416282642089	0.032642089093702	3.8402457757296467E-4	3.8402457757296467E-4	0.05683563748079878	0.1075268817204301	0.04761904761904762	0.07296466973886329	0.017665130568356377	3.8402457757296467E-4
120	120	0.021425012456402593	4.982561036372695E-4	0.28450423517688095	0.2441454907822621	0.0408570004982561	0.01096163428001993	0.001993024414549078	4.982561036372695E-4	0.021425012456402593	0.048330842052815154	0.1425012456402591	0.13801694070752366	4.982561036372695E-4	0.009466865969108122	0.034877927254608865
121	121	0.035016835016835016	0.004713804713804714	0.010774410774410773	0.28552188552188557	0.006734006734006735	0.020875420875420877	6.734006734006733E-4	0.20673400673400671	0.010774410774410773	0.13198653198653199	0.2249158249158249	0.02693602693602694	0.010774410774410773	0.022895622895622896	6.734006734006733E-4
122	122	0.0020703933747412005	0.0020703933747412005	0.567287784679089	0.0020703933747412005	0.08902691511387163	0.02691511387163561	0.0020703933747412005	0.0020703933747412005	0.0020703933747412005	0.12008281573498963	0.12629399585921325	0.020703933747412008	0.008281573498964802	0.0020703933747412005	0.02691511387163561
123	123	0.33746983798690106	3.447087211306446E-4	0.017924853498793518	0.17821440882454326	0.02619786280592899	0.0044812133746983795	3.447087211306446E-4	0.042743881420199935	3.447087211306446E-4	0.12237159600137883	0.15753188555670458	0.07066528783178214	0.019993105825577385	0.00965184419165805	0.011720096518441917
124	124	0.026897214217098946	0.045629202689721426	0.021853986551392892	0.18467819404418825	0.022574447646493755	9.606147934678194E-4	0.21998078770413063	0.01825168107588857	0.0024015369836695487	0.16882804995196926	0.20845341018251679	0.04634966378482228	0.004562920268972142	0.008165225744476465	0.020413064361191162
125	125	0.414797323888233	0.0027548209366391185	0.027548209366391182	0.23061786698150336	0.005116096025186934	0.00747737111373475	3.935458480913026E-4	0.008658008658008658	0.014561196379378197	0.1054702872884691	0.10074773711137347	0.05588351042896498	0.005116096025186934	0.015741833923652106	0.005116096025186934
126	126	0.029655305218563452	0.02561139996148662	0.031966108222607356	0.21163104178702097	0.03138840747159638	0.008280377431157327	0.11457731561717698	0.020989793953398807	0.0013479684190256115	0.19083381475062583	0.08973618332370499	0.021567494704409784	7.702676680146351E-4	0.022722896206431736	0.1989216252647795
